StopLoss=3
TrSt=8
Speed=5
timeSpeed=3.00000000
Lots=0.10000000
MaxLot=100.00000000
LotsOptimized=1
Risk=20
Magic=10072010
